AA,BB,CC,Value
AA,BB,CC,Value
AAdk,BBtw,CChv,66.72
